document	Jsim	hash0	hash1	hash2	hash3	hash4	hash5	hash6	hash7	hash8	hash9	hash10	hash11	hash12	hash13	hash14	hash15	hash16	hash17	hash18	hash19	hash20	hash21	hash22	hash23	hash24	hash25	hash26	hash27	hash28	hash29	hash30	hash31	hash32	hash33	hash34	hash35	hash36	hash37	hash38	hash39	hash40	hash41	hash42	hash43	hash44	
test1.txt	0	189	161	173	171	163	177	150	153	155	168	173	169	169	168	171	162	157	167	158	174	161	152	173	183	169	168	172	173	165	164	151	168	172	168	172	152	163	161	170	162	173	181	177	149	166	
test2.txt	0	161	163	155	159	164	166	163	154	180	174	160	174	156	165	162	170	160	160	167	162	171	166	165	154	177	177	176	164	156	168	161	171	178	170	171	163	160	170	165	170	174	158	159	163	173	
test3.txt	0	169	166	178	181	171	178	163	156	154	158	156	180	171	169	162	183	168	174	165	158	162	170	183	169	162	184	178	166	167	170	150	157	165	163	154	173	171	164	165	170	158	159	169	163	172	
test4.txt	0	157	165	173	159	163	162	169	171	173	167	164	160	155	156	165	163	171	179	158	153	168	170	161	157	174	168	162	169	165	166	165	168	174	167	181	170	165	142	177	154	169	175	168	168	155	
test5.txt	0	175	153	166	152	166	170	163	187	161	173	160	167	162	156	168	166	161	173	163	167	162	159	173	157	175	165	160	166	170	180	176	167	163	174	170	158	166	178	176	163	174	166	175	160	167	
test6.txt	0	174	175	149	172	158	161	176	173	171	161	161	180	173	168	167	152	161	168	175	187	179	168	160	170	162	161	164	155	162	172	159	175	156	177	184	174	161	169	156	166	174	156	175	166	155	
test7.txt	0	162	168	147	173	170	171	179	161	166	164	159	157	171	167	165	167	161	166	166	171	188	179	167	166	156	149	171	164	160	160	174	164	157	165	168	189	172	167	185	164	163	168	161	161	164	
test8.txt	0.00160514	172	173	177	164	150	169	187	164	166	164	180	154	187	166	162	170	160	173	169	157	173	163	171	159	172	177	180	179	176	178	171	185	187	176	165	171	166	158	161	152	180	170	170	164	177	
test9.txt	0	157	168	161	180	163	155	168	170	175	169	178	169	175	163	168	154	168	184	172	174	168	159	151	160	159	159	167	169	154	173	168	177	171	163	172	179	162	176	167	166	172	163	174	159	160	
test10.txt	0	179	161	180	180	173	147	166	164	171	176	177	161	172	166	171	179	158	164	168	167	165	169	154	170	157	156	165	167	167	178	166	180	164	153	159	190	174	160	153	145	180	163	151	158	172	
test11.txt	0	149	159	158	181	162	171	173	164	178	170	151	166	163	164	172	155	154	174	156	152	153	152	171	157	161	162	174	157	163	171	180	170	151	159	165	170	172	152	167	189	170	169	163	155	163	
test12.txt	0	173	164	160	164	162	164	167	165	166	161	163	178	164	172	188	167	168	187	152	183	151	185	163	171	169	147	175	161	147	167	181	173	182	167	146	171	163	165	169	179	161	163	171	163	164	
test13.txt	0	165	177	155	171	166	173	181	181	169	162	156	159	160	162	177	159	161	169	157	153	163	173	161	170	164	164	181	175	172	167	161	163	173	163	161	176	147	162	177	154	180	175	170	174	169	
test14.txt	0	178	153	171	168	165	167	167	168	164	161	176	180	162	158	157	176	176	177	175	172	183	148	163	170	175	169	169	169	166	160	177	151	169	172	156	168	180	147	183	179	170	171	168	179	159	
test15.txt	0	186	160	172	175	174	175	180	151	159	158	165	177	166	162	173	168	167	161	167	180	153	165	176	170	170	158	161	170	175	174	161	168	166	150	174	173	163	159	162	171	160	181	166	167	173	
test16.txt	0	156	160	163	165	163	168	170	166	155	176	186	171	158	164	178	173	163	183	162	162	176	172	173	163	167	152	162	173	172	154	166	168	180	177	169	179	174	153	157	169	165	169	171	170	162	
test17.txt	0	166	167	163	169	185	159	169	177	169	182	154	180	161	181	176	166	166	170	173	171	173	164	164	159	153	162	152	155	182	163	179	160	167	178	186	163	160	178	176	168	155	156	161	155	177	
test18.txt	0	160	162	168	176	176	163	172	161	164	171	157	171	167	167	167	166	173	170	165	168	172	152	174	164	176	174	167	160	166	166	163	171	179	171	179	156	165	171	154	157	169	145	173	169	175	
test19.txt	0	177	171	166	169	167	167	155	175	174	163	166	167	171	163	168	183	164	169	160	164	166	164	172	165	170	164	162	166	150	179	150	175	163	171	176	163	170	159	182	177	165	171	162	164	173	
MINSIGNATURA	312
